4 14 3 6 11 1 18 13 17 6 3 18 10 16 9 18 -1 10 13 5
15 9 -1 13 14 0 5 15 8 5 0 15 15 -1 9 15 10 7 13 9
8 8 8 9 12 5 17 1 1 3 7 6 10 6 11 5 1 -1 18 8
18 18 7 10 9 10 5 16 18 15 8 9 12 17 15 2 -1 7 11 3
18 15 11 13 7 0 4 1 1 15 2 13 -1 0 0 11 10 16 12 6
1 10 10 0 12 -1 1 3 8 -1 12 0 17 14 5 10 4 4 2 5
14 5 14 18 15 1 1 4 9 9 1 -1 18 17 3 18 6 8 6 17
-1 3 3 10 7 12 1 11 4 13 4 6 17 17 0 -1 11 11 4 1
16 7 1 17 7 8 11 12 -1 7 4 14 8 1 2 5 4 15 0 0
16 16 10 18 9 -1 18 9 10 2 5 2 7 -1 7 9 16 9 2 12
3 6 15 0 0 10 9 3 10 5 14 8 0 6 6 3 9 18 9 17
6 1 14 1 2 2 16 7 15 18 3 6 18 -1 10 18 -1 2 12 13
5 4 6 -1 8 0 5 14 -1 16 4 1 15 18 -1 2 11 10 18 17
0 3 17 16 4 7 12 8 1 13 -1 -1 2 3 13 11 4 1 16 9
-1 0 3 2 16 11 9 14 15 5 10 8 14 10 -1 6 9 7 5 15
-1 12 18 7 5 -1 8 3 16 4 1 9 0 10 1 5 12 5 7 -1
1 18 14 9 3 12 10 9 11 6 13 0 8 -1 0 8 16 11 12 18
3 12 11 17 6 0 9 1 3 6 1 13 2 4 2 7 5 2 3 2
1 17 14 3 17 7 3 12 18 7 12 2 18 11 12 9 18 8 11 1
13 10 11 7 11 17 0 18 12 16 5 3 9 6 12 15 3 8 10 15